code,name,credits,equivalency,transfer_credit
ACC101,PRINCIPLES OF ACCOUNTING I,3,"EC ""RQ""",3
ACC101,PRINCIPLES OF ACCOUNTING I,3,"EC ""R11,RQ""",3
ACC102,PRINCIPLES OF ACCOUNTING II,3,"EC ""RQ""",3
ACC102,PRINCIPLES OF ACCOUNTING II,3,"EC ""R11,RQ""",3
ACC103,COMPUTERIZED FINANCIAL ACCOUNTING,3,EC,3
ACC104,COMPUTERIZED MANAGERIAL ACCOUNTING,3,PENDING,0
ACC105,MICROCOMPUTER ACCOUNTING,3,PENDING,0
ACC106,ADVANCED MICROCOMPUTER ACCOUNTING,3,PENDING,0
ACC201,INTERMEDIATE ACCOUNTING I,3,EC,3
ACC202,INTERMEDIATE ACCOUNTING II,3,EC,3
ACC203,FEDERAL INCOME TAXATION,3,Not Transferable,0
ACC204,INCOME TAX ACCOUNTING,3,Not Transferable,0
ACC205,INCOME TAX ACCOUNTING II,3,Not Transferable,0
ACC206,COST ACCOUNTING,3,EC,3
ACC210,SECRETARIAL ACCOUNTING,3,Not Transferable,0
ACC221,SMALL BUSINESS MANAGEMENT,3,Not Transferable,0
ACC251,MANAGERIAL ACCOUNTING,3,Not Transferable,0
AHP110,ALLIED HEALTH PROFESSIONAL ISSUES,3,Not Transferable,0
AHP120,MEDICAL TERMINOLOGY,3,Not Transferable,0
AHP220,MEDICAL TERMINOLOGY,3,Not Transferable,0
ANT289,ANTHROPOLOGY,3,EC,3
ANT289,ANTHROPOLOGY,3,01070100,3
ART101,INTRODUCTION TO ART APPRECIATION,3,07081101,3
ART101,INTRODUCTION TO ART APPRECIATION,3,EC,3
ART105,ART HISTORY I,3,PENDING,0
ART106,ART HISTORY II,3,PENDING,0
ART107,MODERN TO CONTEMPORARY ART HISTORY,3,01082EC,3
ART115,BASIC DESIGN,3,PENDING,0
ART116,2D DESIGN,3,07081EC,3
ART118,DRAWING,3,07081EC,3
ART120,LIFE DRAWING I,3,EC,2
ART121,LIFE DRAWING II,3,EC,3
ART122,COMPUTER GRAPHICS II,3,EC,3
ART131,DESKTOP PUBLISHING I,3,Not Transferable,0
ART132,DESKTOP PUBLISHING II,3,Not Transferable,0
ART151,3D MODELING AND ANIMATION,3,EC,3
ART181,DRAWING STUDIO,3,PENDING,0
ART201,DRAWING,3,07081122,3
ART201,DRAWING,3,EC,3
ART203,3D DESIGN,3,Not Transferable,0
ART205,WATERCOLOR,3,07081EC,3
ART205,WATERCOLOR,3,EC,3
ART207,INTRODUCTION TO COLOR THEORY,3,07081228,3
ART207,INTRODUCTION TO COLOR THEORY,3,EC,3
ART211,PAINTING I,3,07081251,3
ART211,PAINTING I,3,EC,3
ART212,PAINTING II,3,PENDING,0
ART220,LIFE DRAWING II,3,07081EC,3
ART270,AMERICAN COMIC BOOK ART HISTORY AND DESIGN,3,Not Transferable,0
ART285,3D DESIGN,3,07081EC,3
ART911,INTRODUCTION TO PAINTING,3,EC,3
AUT101,ENGINE REPAIR,4,Not Transferable,0
AUT102,BRAKE SYSTEMS,4,Not Transferable,0
AUT103,STEERING/SUSPENSION SYSTEMS,4,Not Transferable,0
AUT104,AUTOMOTIVE ELECTRICAL I,4,Not Transferable,0
AUT105,AUTOMOTIVE ENGINE PERFORMANCE I,4,Not Transferable,0
AUT106,MANUAL DRIVE TRAINS,4,Not Transferable,0
AUT202,AUTOMOTIVE ENGINE PERFORMANCE II,4,Not Transferable,0
AUT203,HEATING AND AIR CONDITIONING,4,Not Transferable,0
AUT204,AUTOMOTIVE TRANSMISSION,4,Not Transferable,0
AUT205,AUTOMOTIVE ENGINE PERFORMANCE III,4,Not Transferable,0
AUT206,AUTOMOTIVE TECHNOLOGY INTERNSHIP,3,Not Transferable,0
BIO145,PRINCIPLES OF BIOLOGY,4,EC,4
BIO145,PRINCIPLES OF BIOLOGY,4,01119150,4
BIO150,PRINCIPLES OF HUMAN BIOLOGY,4,EC,4
BIO162,GENERAL BIOLOGY I,4,"01119EC ""79,R2""",4
BIO162,GENERAL BIOLOGY I,4,"01119EC ""79,R2""",4
BIO163,GENERAL BIOLOGY II,4,"01119EC ""79,R2""",4
BIO164,GENERAL CHEMISTRY I,4,EC,4
BIO165,ENVIRONMENTAL STUDIES,4,EC,4
BIO170,GENERAL ECOLOGY,4,EC,4
BIO176,"INTRO TO ANATOMY, PHYSIOLOGY, PATHOLOGY",3,Not Transferable,0
BIO185,MARINE BIOLOGY,1,EC,1
BIO200,GENETICS,3,01447NM,3
BIO210,COMPARATIVE ANATOMY,4,Not Transferable,0
BIO220,EVOLUTIONARY BIOLOGY,4,11704EC,3
BIO220,EVOLUTIONARY BIOLOGY,4,11216EC,3
BIO262,ANATOMY AND PHYSIOLOGY I,4,01119127,4
BIO262,ANATOMY AND PHYSIOLOGY I,4,"01119EC ""79,R21""",4
BIO263,ANATOMY AND PHYSIOLOGY II,4,01119128,4
BIO263,ANATOMY AND PHYSIOLOGY II,4,"01119EC ""79,R21""",4
BIO264,MICROBIOLOGY,4,01119131,4
BIO291,ENVIRONMENTAL STUDIES INTERNSHIP,1,Not Transferable,0
BIO511,INTERNSHIP ECOLOGY,3,Not Transferable,0
BUS101,BUSINESS ORGANIZATION AND MANAGEMENT,3,EC,3
BUS108,BUSINESS GRAPHICS,3,Not Transferable,0
BUS111,MATH ANALYSIS FOR BUSINESS AND ECONOMICS,3,Not Transferable,0
BUS119,INTRODUCTION TO BUSINESS,3,Not Transferable,0
BUS120,BUSINESS ORGANIZATION AND MANAGEMENT,3,Not Transferable,0
BUS120,BUSINESS ORGANIZATION AND MANAGEMENT,3,33011100,3
BUS121,BUSINESS COMMUNICATIONS,3,Not Transferable,0
BUS122,BUSINESS LAW I,3,EC,3
BUS123,BUSINESS LAW II,3,EC,3
BUS124,PRINCIPLES OF MANAGEMENT,3,Not Transferable,0
BUS125,INVENTORY CONTROL AND MANAGEMENT,3,PENDING,0
BUS127,FINANCIAL PLANNING AND MANAGEMENT FOR WOMEN,3,Not Transferable,0
BUS128,PRINCIPLES OF FINANCE,3,EC,3
BUS129,BUSINESS MATH,3,Not Transferable,0
BUS151,STATISTICS,3,EC,3
BUS160,MATH ANALYSIS FOR BUSINESS AND ECONOMICS,3,Not Transferable,0
BUS201,PRINCIPLES OF MARKETING,3,Not Transferable,0
BUS202,PRINCIPLES OF ADVERTISING,3,Not Transferable,0
BUS203,SOCIAL MEDIA MARKETING,3,Not Transferable,0
BUS204,MANAGEMENT SKILLS FOR WOMEN,3,Not Transferable,0
BUS204,DIGITAL ANALYTICS,3,Not Transferable,0
BUS205,BUSINESS STATISTICS I,3,Not Transferable,0
BUS209,BUSINESS COMMUNICATIONS,3,Not Transferable,0
BUS210,PRINCIPLES OF MANAGEMENT,3,Not Transferable,0
BUS219,BUSINESS STATISTICS,3,PENDING,0
BUS220,MANAGEMENT SKILLS FOR WOMEN,3,Not Transferable,0
BUS221,SMALL BUSINESS MANAGEMENT,3,Not Transferable,0
BUS222,INVESTMENT (PERSONAL FINANCES),3,Not Transferable,0
BUS224,PERSONNEL MANAGEMENT,3,Not Transferable,0
BUS225,INDUSTRIAL PSYCHOLOGY,3,PENDING,0
BUS226,SMALL BUSINESS MANAGEMENT,3,Not Transferable,0
BUS228,PRINCIPLES OF FINANCE,3,Not Transferable,0
BUS235,ADMINISTRATIVE LAW,3,Not Transferable,0
BUS240,PERSONNEL MANAGEMENT,3,Not Transferable,0
BUS250,INTERNATIONAL BUSINESS,3,EC,3
BUS251,INTRODUCTION TO GLOBAL BUSINESS,3,Not Transferable,0
BUS252,GLOBAL BUSINESS STUDY ABROAD TOUR,3,Not Transferable,0
BUS253,BUSINESS PRACTICE FIRM,3,Not Transferable,0
BUS255,INTRO TO ELECTRONIC COMMERCE,3,Not Transferable,0
BUS290,PROPERTY MANAGEMENT,3,Not Transferable,0
BUS293,CO-OPERATIVE EDUCATION,3,Not Transferable,0
BUS313,SMALL BUSINESS MANAGEMENT,3,Not Transferable,0
BUS321,SMALL BUSINESS MANAGEMENT,3,Not Transferable,0
BUS324,REAL ESTATE SALES,5,PENDING,0
BUS325,REAL ESTATE BROKER,6,Not Transferable,0
BUS350,MANAGEMENT BY OBJECTIVES,1,Not Transferable,0
BUS351,LEADERSHIP SKILLS,1.5,Not Transferable,0
BUS352,TIME MANAGEMENT (HRD),1.5,Not Transferable,0
BUS353,MANAGER GUIDE HUMAN,1,Not Transferable,0
BUS354,FIRST LINE MANAGEMENT,1,Not Transferable,0
BUS356,MODERN MARKETING,1,Not Transferable,0
BUS357,COMMUNICATION SKILLS FOR MANAGERS,1,Not Transferable,0
BUS358,WHAT MANAGERS DO,1,Not Transferable,0
BUS359,FUNDAMENTALS OF FINANCE AND ACCOUNTING,1,Not Transferable,0
BUS360,FUNDAMENTALS OF MODERN PERSONNEL MANAGEMENT,1,Not Transferable,0
BUS361,EFFECTIVE TEAM BUILDING,1,Not Transferable,0
BUS362,MANAGE/RESOLVE CONFLICT,1,Not Transferable,0
BUS365,FINANCIAL STATEMENTS,1,Not Transferable,0
BUS368,SUCCESS/ASSERTIVENESS,1,Not Transferable,0
BUS372,WRITING FOR MANAGEMENT SUCCESS,1,Not Transferable,0
BUS381,ADMINISTRATIVE SKILLS FOR MANAGEMENT,3,Not Transferable,0
BUS511,COOPERATIVE EDUCATION,3,Not Transferable,0
CHE107,FORENSIC SCIENCE LAB,4,PENDING,0
CHE110,INTRODUCTORY CHEMISTRY,4,01160134,4
CHE140,INTRODUCTION TO CHEMISTRY,3,01160134,3
CHE141,INTRODUCTION TO CHEMISTRY (LAB),1,EC,1
CHE164,GENERAL CHEMISTRY I,4,"01160161 ""79""",4
CHE165,GENERAL CHEMISTRY II,4,"01160162 ""79""",4
CHE200,FORENSIC SCIENCE,4,EC,4
CHE210,ORGANIC CHEMISTRY I,4,01160307,4
CHE210,ORGANIC CHEMISTRY I,4,"01160NM ""R13""",4
CHE211,ORGANIC CHEMISTRY II,4,01160308,4
CHE211,ORGANIC CHEMISTRY II,4,"01160NM ""R13""",4
CJS105,EXPLORING SECURITY ESSENTIALS,3,01202210,3
CJS205,SECURITY MANAGEMENT,3,01202NM,3
COM101,INTRODUCTION TO MASS MEDIA,3,04189102,3
COM105,INTERPERSONAL COMMUNICATION,3,PENDING,0
COM110,MEDIA WRITING,3,PENDING,0
COM115,FEATURE WRITING,3,Not Transferable,0
COM120,INTRODUCTION TO RADIO BROADCASTING,3,EC,3
COM121,BUSINESS COMMUNICATIONS,3,Not Transferable,0
COM130,INTRODUCTION TO BROADCASTING,3,EC,3
COM143,SPEECH,3,EC,3
COM205,INTERCULTURAL COMMUNICATIONS,3,04189NM,3
COM210,PHOTOJOURNALISM,3,EC,3
COM293,COMMUNICATIONS INTERNSHIP,3,PENDING,0
COM511,JOURNALISM INTERNSHIP,3,PENDING,0
CRJ105,INTRODUCTION TO CRIMINAL JUSTICE,3,01202201,3
CRJ107,FORENSIC SCIENCE,4,PENDING,0
CRJ110,CRIMINOLOGY,3,01920222,3
CRJ120,JUVENILE DELINQUENCY,3,01050EC,3
CRJ130,CRIMINAL LAW,3,01202204,3
CRJ140,INTRODUCTION TO TERRORISM,3,01202EC,3
CRJ150,CRIMINOLOGY,3,EC,3
CRJ160,POLICE AND THE COMMUNITY,3,01202202,3
CRJ170,CRIMINAL INVESTIGATION,3,Not Transferable,0
CRJ180,CORRECTIONS IN TODAY'S SOCIETY,3,01202303,3
CRJ200,FORENSIC SCIENCE,4,01202305,4
CRJ210,PROBATION AND PAROLE,3,01202,3
CRJ220,CRIMINAL JUSTICE ORGANIZATIONS AND MANAGEMENT,3,Not Transferable,0
CRJ225,CRIMINAL PROCEDURES,3,PENDING,0
CRJ240,TERRORISM RESPONSES,3,01202EC,3
CRJ245,FORENSIC PSYCHOLOGY,3,01202EC,3
CRJ250,CURRENT ISSUES IN CRIMINAL JUSTICE/CAPSTONE EXPER,3,Not Transferable,0
CRJ293,CRIMINAL JUSTICE INTERNSHIP,3,Not Transferable,0
CRJ511,CRIMINAL JUSTICE INTERNSHIP,3,Not Transferable,0
CSC101,INTRODUCTION TO DATA PROCESSING,3,Not Transferable,0
CSC102,INTRODUCTION TO TECHNOLOGY,2,Not Transferable,0
CSC103,INTRODUCTION TO COMPUTING,3,01198110,3
CSC104,INTRODUCTION TO COMPUTER AIDED DESIGN,3,PENDING,0
CSC108,BUSINESS GRAPHICS,3,Not Transferable,0
CSC110,SYSTEMS ANALYSIS,3,Not Transferable,0
CSC112,MICROCOMPUTER SOFTWARE APPLICATIONS,3,Not Transferable,0
CSC114,PROGRAMMING IN BASIC,3,Not Transferable,0
CSC115,WEB DEVELOPMENT,3,Not Transferable,0
CSC117,INSTRUCTIONAL TECHNOLOGY,3,Not Transferable,0
CSC120,DATA COMMUNICATIONS,3,Not Transferable,0
CSC121,PROGRAMMING I,3,01198111,3
CSC121,PROGRAMMING I,3,01198NM,3
CSC122,PROGRAMMING II,3,01198112,3
CSC122,PROGRAMMING II,3,01198NM,3
CSC130,INTRODUCTION TO DATA PROCESSING,3,Not Transferable,0
CSC131,COMPUTER SCIENCE INTRODUCTION,4,EC,4
CSC134,PROGRAMMING IN BASIC,3,Not Transferable,0
CSC136,INTRODUCTION TO COBOL,3,Not Transferable,0
CSC137,COBOL II,3,Not Transferable,0
CSC138,RPG II PROGRAMMING,3,Not Transferable,0
CSC139,RPG/400 PROGRAMMING,3,PENDING,0
CSC140,PROGRAMMING WITH VISUAL BASIC,3,Not Transferable,0
CSC150,OPERATING SYSTEMS FUNDAMENTALS,3,EC,3
CSC160,NETWORKING ESSENTIALS,1,PENDING,0
CSC170,THE NEW LITERACY,3,Not Transferable,0
CSC200,DATABASE MANAGEMENT CONCEPTS,3,PENDING,0
CSC202,INTRODUCTION TO FORTRAN,3,Not Transferable,0
CSC210,MULTIMEDIA AUTHORING,3,Not Transferable,0
CSC211,MULTIMEDIA AUTHORING II,3,Not Transferable,0
CSC212,MULTIMEDIA FOR THE WEB,3,PENDING,0
CSC225,MACHINE-LEVEL PROGRAM/COMPUTER ORGANIZATION,3,PENDING,0
CSC226,SYSTEM DESIGN AND DEVELOPMENT,3,PENDING,0
CSC228,ADVANCED PROGRAMMING TECHNIQUES,3,EC,3
CSC228,ADVANCED PROGRAMMING TECHNIQUES,3,01198112,3
CSC228,ADVANCED PROGRAMMING TECHNIQUES,3,01198NM,3
CSC230,WEB DEVELOPMENT II,3,Not Transferable,0
CSC235,ADVANCED WEB DEVELOPMENT,3,PENDING,0
CSC240,INTRODUCTION TO C PROGRAMMING,3,Not Transferable,0
CSC293,COMPUTER SCIENCE INTERNSHIP,3,PENDING,0
CSC301,INTRODUCTION TO IBM PC DOS,.5,Not Transferable,0
CSC302,INTRODUCTION TO LOTUS 1-2-3,.5,Not Transferable,0
CSC303,BUILDING A BUSINESS PLAN WITH LOTUS,.5,Not Transferable,0
CSC304,MAKING BUSINESS DECISIONS WITH LOTUS,.5,Not Transferable,0
CSC305,ANALYZING FINANCIAL STATEMENTS WITH LOTUS,.5,Not Transferable,0
CSC308,THE BASICS OF BASIC,1,Not Transferable,0
CSC311,LOTUS 1-2-3,1,Not Transferable,0
CSC313,DBASE FOR BEGINNERS,1,Not Transferable,0
CSC351,COMPUTER BASICS,1.5,Not Transferable,0
CSC352,COMPUTER BASICS,1,Not Transferable,0
CSC353,UNDERSTANDING COMPUTER BASIC II,1,Not Transferable,0
CSC511,COMPUTER SCIENCE INTERNSHIP,3,PENDING,0
ECE120,CHILD GROWTH AND DEVELOPMENT,3,EC,3
ECE130,EARLY CHILDHOOD CURRICULUM,3,Not Transferable,0
ECE210,CHILDREN'S LITERATURE,3,EC,3
ECE220,EARLY CHILD CURRICULUM,3,Not Transferable,0
ECE225,PRE-SCHOOL CHILDREN WITH SPECIAL NEEDS,3,Not Transferable,0
ECE230,EARLY CHILDHOOD TEACHING METHODS,3,Not Transferable,0
ECE240,TEACHING LANGUAGE ARTS TO YOUNG CHILDREN,3,Not Transferable,0
ECE250,EXPRESSIVE ARTS FOR EARLY CHILDHOOD EDUCATORS,3,Not Transferable,0
ECE255,PRESCHOOL CHILDREN WITH SPECIAL NEEDS,3,Not Transferable,0
ECE260,FIELD STUDIES IN EDUCATION I,3,Not Transferable,0
ECE270,FIELD STUDIES IN EDUCATION II,3,Not Transferable,0
ECO188,MACROECONOMICS,3,01220103,3
ECO189,MICROECONOMICS,3,01220102,3
EDU110,FOUNDATIONS OF EDUCATION,3,EC,3
EDU110,FOUNDATIONS OF EDUCATION,3,Not Transferable,0
EDU120,INTRO TO EXCEPTIONAL STUDENT EDUCATION,3,Not Transferable,0
EDU210,CURRICULUM DESIGN,3,Not Transferable,0
EDU210,CURRICULUM DESIGN,3,Not Transferable,0
EDU284,EDUCATIONAL PSYCHOLOGY,3,PENDING,0
EDU320,INTRODUCTION TO SIGN LANGUAGE,3,EC,3
EDU321,INTRMEDIATE SIGN LANGUAGE,3,EC,3
EGR208,MEASUREMENTS/CONTROL,4,Not Transferable,0
EGR209,ERRORS/INSTRUMENTS,4,Not Transferable,0
EGR210,PNEUMATIC CONTROLS AND VALVES,4,Not Transferable,0
EGR211,ELECTRONIC INSTRUMENTATION,3,Not Transferable,0
EGR220,PROGRAM CONTROLLERS,3,Not Transferable,0
EGR351,ON-LINE ANALYZERS,1,Not Transferable,0
EGR352,LOGIC CONTROLLERS,1,Not Transferable,0
EGR353,DISTRIBUTED CONTROL SYSTEMS,1,Not Transferable,0
EMS100,CPR FOR THE HEALTHCARE PROVIDER,1,Not Transferable,0
EMS101,EMERGENCY MEDICAL TECHNICIAN - BASIC,6,Not Transferable,0
EMS105,FIRST RESPONDER,3,Not Transferable,0
EMS110,PATHOPHYSIOLOGY FOR PRE-HOSPITAL CARE,3,Not Transferable,0
EMS201,CASE STUDIES IN PRE-HOSPITAL CARE,3,Not Transferable,0
EMS203,PRINCIPLES OF EMS ADMINISTRATION,3,Not Transferable,0
EMS205,PRE-HOSPITAL MANAGEMENT OF SPECIAL POPULATIONS,3,Not Transferable,0
EMS207,SPECIAL OPERATIONS,3,Not Transferable,0
ENG025,VERBAL REVIEW,1,Not Transferable,0
ENG041,BASIC WRITING,3,Not Transferable,0
ENG042,CRITICAL READING,3,Not Transferable,0
ENG121,BUSINESS COMMUNICATIONS,3,EC,3
ENG140,ENGLISH COMPOSITION I,3,01355100,3
ENG140,ENGLISH COMPOSITION I,3,01355100,3
ENG141,ENGLISH COMPOSITION II,3,EC,3
ENG142,SPEECH I,3,EC,3
ENG143,SPEECH I,3,EC,3
ENG144,CREATIVE WRITING POETRY WORKSHOP,3,EC,3
ENG144,CREATIVE WRITING POETRY WORKSHOP,3,01351211,3
ENG145,JOURNALISM WORKSHOP,3,EC,3
ENG149,WORD POWER,3,Not Transferable,0
ENG150,CREATIVE WRITING FICTION WORKSHOP,3,EC,3
ENG150,CREATIVE WRITING FICTION WORKSHOP,3,01351EC,3
ENG151,CREATIVE NONFICTION WORKSHOP,3,01351EC,3
ENG195,LEGAL RESEARCH AND WRITING I,3,PENDING,0
ENG196,LEGAL RESEARCH AND WRITING II,3,PENDING,0
ENG199,LITERATURE ON FILM,3,EC,3
ENG199,LITERATURE ON FILM,3,01354EC,3
ENG201,BRITISH LITERATURE I,3,01350EC,3
ENG201,BRITISH LITERATURE I,3,01350225,3
ENG201,BRITISH LITERATURE I,3,01358210,3
ENG202,BRITISH LITERATURE II,3,PENDING,0
ENG205,SHAKESPEARE,3,01350221,3
ENG205,SHAKESPEARE,3,01358202,3
ENG240,AMERICAN LITERATURE I,3,01350227,3
ENG240,AMERICAN LITERATURE I,3,01358212,3
ENG241,AMERICAN LITERATURE II,3,01350228,3
ENG241,AMERICAN LITERATURE II,3,01358213,3
ENG242,WOMEN'S LITERATURE,3,EC,3
ENG242,WOMEN'S LITERATURE,3,01351265,3
ENG242,WOMEN'S LITERATURE,3,01358261,3
ENG244,MODERN AMERICAN POETS,3,01350EC,3
ENG245,THE ART OF DRAMA,3,PENDING,0
ENG245,THE ART OF DRAMA,3,01351240,3
ENG245,THE ART OF DRAMA,3,01358240,3
ENG246,CONTEMPORARY FICTION,3,01351EC,3
ENG250,ADVANCED CREATIVE WRITING WORKSHOP,3,01351211,3
ENG902,SPECIAL TOPICS - WOMEN IN LITERATURE,3,To Be Determined,0
ESL035,ESL FOR COLLEGE PREP,3,Not Transferable,0
ESL101,ESL FOR COLLEGE PREP,3,Not Transferable,0
ESS101,INTRODUCTION TO EMERGENCY MANAGEMENT,3,Not Transferable,0
ESS104,HAZARDOUS MATERIALS FOR THE EMERGENCY RESPONDER,3,Not Transferable,0
ESS204,MANAGEMENT OF THE LARGE-SCALE INCIDENT,3,Not Transferable,0
ETO105,OUTDOOR EDUCATION,3,Not Transferable,0
ETO110,INTRODUCTION TO ECOTOURISM,4,Not Transferable,0
FBM101,INTRO TO FOOD AND BEVERAGE MANAGEMENT,3,Not Transferable,0
FBM110,FOOD PREPARATION I,3,Not Transferable,0
FBM111,BAKING AND PASTRY ARTS,3,Not Transferable,0
FBM132,APPLIED FOOD SERVICE SANITATION,3,Not Transferable,0
FBM210,FOOD PREPARATION II,3,Not Transferable,0
FBM211,"FOOD, BEVERAGE AND LABOR COST CONTROLS",3,Not Transferable,0
FBM230,HOSPITALITY PURCHASING,3,Not Transferable,0
FBM232,CATERING MANAGEMENT,3,Not Transferable,0
FBM233,BEVERAGE MANAGEMENT,3,Not Transferable,0
FBM242,COMMERCIAL FOOD SERVICE OPERATION,3,Not Transferable,0
FBM293,COOPERATIVE EXPERIENCE,3,Not Transferable,0
FOR101,BEGINNING SPANISH I,3,01940101,3
FOR103,BEGINNING FRENCH I,3,01420101,3
FOR105,GREEK - KOINE,3,EC,3
FOR112,CONVERSATIONAL  ITALIAN I,3,01560123,3
FOR133,BEGINNING FRENCH II,3,01420102,3
FOR151,BEGINNING SPANISH II,3,01940102,3
FOR155,GREEK COMMON II,3,EC,3
FOR162,CONVERSATIONAL ITALIAN II,3,EC,3
FOR201,INTERMEDIATE SPANISH I,3,01940131,3
FOR212,CONVERSATIONAL ITALIAN III,3,EC,3
FOR251,INTERMEDIATE SPANISH II,3,01940132,3
FOR262,CONVER ITALIAN IV,3,EC,3
FST101,INTRODUCTION TO FIRE SCIENCE,3,Not Transferable,0
FST103,BUILDING CONSTRUCTION FOR THE FIRE SERVICE,3,Not Transferable,0
FST106,FIREFIGHTING STRATEGIES AND TACTICS,3,Not Transferable,0
FST107,FIRE SERVICE HYDRAULICS,3,Not Transferable,0
FST201,FIRE PREVENTION ADMINISTRATION,3,Not Transferable,0
FST202,FIRE SERVICE MANAGEMENT,3,Not Transferable,0
FST205,FIRE PROTECTION SYSTEMS,3,Not Transferable,0
FST207,FIRE INVESTIGATION,3,Not Transferable,0
FYE101,FOUNDATIONS OF SUCCESS,1,Not Transferable,0
GEO105,CULTURAL GEOGRAPHY,3,01450103,3
GRD111,DESKTOP PUBLISHING I,3,Not Transferable,0
GRD121,COMPUTER GRAPHICS I,3,07081EC,3
GRD121,COMPUTER GRAPHICS I,3,EC,3
GRD122,GRAPHIC DESIGN II,3,To Be Determined,0
GRD123,WEB MEDIA DESIGN,3,PENDING,0
GRD130,HISTORY OF GRAPHIC DESIGN,3,07081EC,3
GRD131,GRAPHIC DESIGN I,3,To Be Determined,0
GRD132,TYPOGRAPHY I,3,To Be Determined,0
GRD151,3D MODELING AND ANIMATION,3,07081353,3
GRD151,3D MODELING AND ANIMATION,3,EC,3
GRD285,PORTFOLIO DEVELOPMENT,2,Not Transferable,0
GRD293,GRAPHICS ARTS INTERNSHIP,3,PENDING,0
GRD511,GRAPHICS ARTS INTERNSHIP,3,PENDING,0
HDV102,COMPUTER LITERACY,3,Not Transferable,0
HDV106,TAX AND PERSONAL FINANCIAL PLANNING,1,Not Transferable,0
HDV120,ORGANIZATIONAL BEHAVIOR AND PRODUCTION,2,Not Transferable,0
HDV121,PRACTICAL OPERATION MANAGEMENT I,2,Not Transferable,0
HDV122,PRACTICAL OPERATION MANAGEMENT II,2,Not Transferable,0
HIS101,WESTERN CIVILIZATION I,3,01510101,3
HIS102,WESTERN CIVILIZATION II,3,01510102,3
HIS113,AMERICAN HISTORY I,3,01512103,3
HIS114,AMERICAN HISTORY II,3,01512104,3
HIS187,AMERICAN HISTORY I,3,01512103,3
HIS210,AFRICAN AMERICAN HISTORY,3,01512266,3
HIS220,HISTORY AND CULTURE OF ASIAN CIVILIZATIONS,3,01508242,3
HIS225,HISTORY OF WOMEN IN AMERICA,3,01050EC,3
HIS230,WORLD WAR II,3,01512242,3
HIS250,TWENTIETH CENTURY GLOBAL HISTORY,3,PENDING,0
HIS260,HISTORY OF AMERICAN IMMIGRATION,3,01512EC,3
HPE129,HEALTH AND PHYSICAL EDUCATION,2,Not Transferable,0
INS106,LEGAL ENVI INSURANCE,3,Not Transferable,0
INS107,CPCU MANAGEMENT,3,Not Transferable,0
INS308,ACCOUNTING AND FINANCE,3,Not Transferable,0
INS309,PRINCIPLES OF RISK MANAGEMENT AND INSURANCE,3,Not Transferable,0
INS310,PERSONAL RISK MANAGEMENT AND INSURANCE,3,Not Transferable,0
INT291,INTERNSHIP,1,Not Transferable,0
INT292,INTERNSHIP,2,Not Transferable,0
INT293,INTERNSHIP,3,Not Transferable,0
LAT235,ADMINISTRATIVE LAW,3,Not Transferable,0
LST110,INTRODUCTION TO LAW,3,Not Transferable,0
LST120,PRINCIPLES OF NURSE PARALEGAL,3,Not Transferable,0
LST130,MEDICAL LEGAL ETHICS,3,Not Transferable,0
LST140,CONTRACTS,3,Not Transferable,0
LST190,INTRODUCTION TO PARALEGALISM,3,Not Transferable,0
LST195,LEGAL RESEARCH AND WRITING I,3,Not Transferable,0
LST196,LEGAL RESEARCH AND WRITING II,3,Not Transferable,0
LST197,LAW OFFICE ADMINISTRATION,3,PENDING,0
LST198,LEGAL ETHICS,1,PENDING,0
LST229,CRIMINAL LITIGATION,3,Not Transferable,0
LST230,FAMILY LAW,3,Not Transferable,0
LST231,"WILLS, ESTATES AND TRUSTS",3,Not Transferable,0
LST232,REAL ESTATE LAW,3,Not Transferable,0
LST233,LITIGATION,3,Not Transferable,0
LST234,TORTS,3,Not Transferable,0
LST235,ADMINISTRATIVE LAW,3,Not Transferable,0
LST245,CRIMINAL LAW FOR PARALEGALS,3,Not Transferable,0
LST250,ELDER LAW,3,Not Transferable,0
LST293,LEGAL STUDIES INTERNSHIP,3,Not Transferable,0
LST511,LEGAL STUDIES INTERNSHIP,3,Not Transferable,0
MAT025,MATH REVIEW (HRD),1,Not Transferable,0
MAT032,MATHEMATICS/INDUSTRY,3,Not Transferable,0
MAT050,BASIC MATH,3,Not Transferable,0
MAT051,INTRODUCTORY ALGEBRA,3,01640025,0
MAT052,INTERMEDIATE ALGEBRA,3,01640026,0
MAT053,INTRODUCTORY AND INTERMEDIATE ALGEBRA,6,01640026,0
MAT054,BASIC ALGEBRA,3,Not Transferable,0
MAT061,HIGH SCHOOL TRIGONOMETRY,3,Not Transferable,0
MAT101,ELEMENTARY ALGEBRA I,3,Not Transferable,0
MAT102,ELEMENTARY ALGEBRA II,3,01640025,0
MAT104,TECHNICAL MATH,3,Not Transferable,0
MAT110,TOPICS OF MATHEMATICS,3,01640NM,3
MAT110,TOPICS OF MATHEMATICS,3,01640103,3
MAT111,MATH ANALYSIS FOR BUSINESS AND ECONOMICS,3,Not Transferable,0
MAT129,MATH ANALYSIS FOR BUSINESS AND ECONOMICS,3,Not Transferable,0
MAT131,COLLEGE ALGEBRA,3,EC,0
MAT141,PRE-CALCULUS,3,EC,3
MAT150,COLLEGE MATH I,3,Not Transferable,0
MAT150,ELEMENTS OF STATISTICS,3,01960211,3
MAT151,STATISTICS,3,01960211,3
MAT151,STATISTICS,3,01960211,3
MAT156,COLLEGE ALGEBRA I,3,Not Transferable,0
MAT157,COLLEGE ALGEBRA II,3,01640026,0
MAT158,ALGEBRA AND TRIGONOMETRY I,3,PENDING,0
MAT159,ALGEBRA AND TRIGONOMETRY II,3,PENDING,0
MAT160,PRE-CALCULUS,3,01640EC,3
MAT201,CALCULUS I,4,01640151,4
MAT202,CALCULUS II,4,01640152,4
MAT204,DIFFERENTIAL EQUATIONS,4,PENDING,0
MAT219,STATISTICS,3,01960211,3
MAT261,CALCULUS I,4,01640135,4
MAT261,CALCULUS III,4,01640251,4
MAT262,CALCULUS II,4,01640135,4
MED176,"ANATOMY, PHYSIOLOGY AND PATHOLOGY",3,Not Transferable,0
MED177,MEDICAL TERMINOLOGY,3,Not Transferable,0
MED178,PHARMACOLOGY AND MEDICATION ADMINISTRATION,3,Not Transferable,0
MED179,THERAPEUTIC COMMUNICATIONS,3,Not Transferable,0
MED180,MEDICAL OFFICE LABORATORY,3,Not Transferable,0
MED181,CLINICAL ASSISTING,3,Not Transferable,0
MED182,HEALTH CARE LAW AND ETHICS,3,Not Transferable,0
MED185,"INSURANCE, CODING, MANAGED CARE",3,Not Transferable,0
MED186,MEDICAL OFFICE PROCEDURES,3,Not Transferable,0
MED187,COMPUTERIZED OFFICE PROCEDURES,3,Not Transferable,0
MED224,EXTERNSHIP PRACTICUM,3,Not Transferable,0
MTT101,INTRODUCTION TO MACHINE TOOLS,6,Not Transferable,0
MTT102,MACHINE TOOL OPERERATIONS I,6,Not Transferable,0
MTT103,MACHINE TOOL OPERATIONS II,6,Not Transferable,0
MUS191,INTRODUCTION TO MUSIC,3,07700101,3
MUS192,INTRO TO OPERA,3,EC,3
MUS195,FUNDAMENTALS OF MUSIC THEORY,3,07700103,3
MUS201,GUITAR I,3,EC,3
MUS201,GUITAR I,3,07701EC,3
MUS211,WORLD MUSIC CULTURES,3,EC,3
MUS211,WORLD MUSIC CULTURES,3,07701EC,3
NSG101,NURSING I,6,Not Transferable,0
NSG102,NURSING II,1,Not Transferable,0
NSG103,NURSING III,8,Not Transferable,0
NSG204,NURSING IV,8,Not Transferable,0
NSG205,NURSING V,7,Not Transferable,0
NSG206,NURSING VI,2,Not Transferable,0
NUP110,INTRODUCTION TO LAW,3,EC,3
NUP120,PRINCIPLES OF NURSE PARALEGAL,3,Not Transferable,0
NUP130,MEDICAL LEGAL ETHICS,3,EC,3
OFA101,TYPING I,2,Not Transferable,0
OFA170,COMPUTERIZED KEYBOARDING I,3,Not Transferable,0
OFA171,KEYBOARDING II,3,Not Transferable,0
OFA172,SHORTHAND I,3,Not Transferable,0
OFA173,SHORTHAND II,3,Not Transferable,0
OFA174,INTRODUTCTION TO OFFICE  AUTOMATION,3,Not Transferable,0
OFA175,WORD PROCESSING I,3,Not Transferable,0
OFA176,WORD PROCESSING II,3,Not Transferable,0
OFA177,WORD SPECIALIST SKILLS,3,Not Transferable,0
OFA178,WORD PROCESSING MANAGEMENT,3,Not Transferable,0
OFA179,WORD PROCESSING CONCEPTS,2,Not Transferable,0
OFA180,WORD PROCESSING INTENS,4,Not Transferable,0
OFA181,WANG SYSTEM,.3,Not Transferable,0
OFA185,DESKTOP PUBLISHING I,3,Not Transferable,0
OFA186,DESKTOP PUBLISHING II,3,Not Transferable,0
OFA188,ADMINISTRATIVE SUPPORT SYSTEMS AND PROCEDURES,3,Not Transferable,0
OFA270,TYPING III,3,Not Transferable,0
OFA275,OFFICE ADMINISTRATION PROCEDURES,3,Not Transferable,0
OFA285,OFFICE SYSTEMS AND TECHNOLOGY MANAGEMENT,3,Not Transferable,0
OFA301,DISPLAYWRITER S/36 I AND II,4,Not Transferable,0
OFA302,DISPLAYWRITER S/36,1,Not Transferable,0
OFA303,WORD PERFECT,1,Not Transferable,0
OFA304,WORD PERFECT,3,Not Transferable,0
OFA305,WORD STAR,1,Not Transferable,0
OFA310,MULTIMATE,2,Not Transferable,0
OFA312,WANG WORD PROCESSING,3,Not Transferable,0
PED129,FITNESS CONCEPTS,2,PENDING,0
PHI101,INTRODUCTION TO PHILOSOPHY,3,01730103,3
PHI102,ETHICS AND MORAL PROBLEMS,3,01730105,3
PHI103,LOGIC AND ARGUMENT,3,01730101,3
PHI201,BUSINESS ETHICS,3,EC,3
PHI202,PHILOSOPHY OF RELIGION,3,PENDING,0
PHI203,ETHICS AND TECHNOLOGY,3,EC,3
PHI204,COMPARATIVE RELIGION,3,01730EC,3
PHI251,PERSPECTIVES ON DEATH AND DYING,3,01730EC,3
PHI261,MYTH AND CULTURE,3,01730EC,3
PHY105,ASTRONOMY,3,01750109,3
PHY110,PHYSICS OF FIRE DYNAMICS,4,Not Transferable,0
PHY111,COLLEGE PHYSICS I,4,01750193,4
PHY112,COLLEGE PHYSICS II,4,01750194,4
PHY175,INTRODUCTION TO ASTRONOMY,4,PENDING,0
PHY211,GENERAL PHYSICS I,4,"01750203 ""79""",4
PHY212,GENERAL PHYSICS II,4,"01750204 ""79""",4
POL101,INTRODUCTION TO AMERICAN GOVERNMENT,3,01790104,3
POL110,INTRODUCTION TO LAW,3,01790106,3
POL115,STATE AND LOCAL GOVERNMENT,3,01050EC,3
POL201,INTERNATIONAL RELATIONS,3,01790102,3
PSY101,INTRODUCTION TO PSYCHOLOGY,3,01830101,3
PSY120,CHILD GROWTH AND DEVELOPMENT,3,01830EC,3
PSY120,CHILD GROWTH AND DEVELOPMENT,3,01830271,3
PSY120,CHILD GROWTH AND DEVELOPMENT,3,01830EC,3
PSY175,HUMAN GROWTH AND DEVELOPMENT,3,01830EC,3
PSY175,HUMAN GROWTH AND DEVELOPMENT,3,01830271,3
PSY180,INTRODUCTION TO PSYCHOLOGY,3,01830EC,3
PSY181,CHILD PSYCHOLOGY,3,01830EC,3
PSY181,CHILD PSYCHOLOGY,3,01830271,3
PSY181,CHILD PSYCHOLOGY,3,01830EC,3
PSY182,PSYCHOLOGY OF ADJUSTMENT,3,PENDING,0
PSY183,SOCIAL PSYCHOLOGY,3,01830EC,3
PSY212,THEORIES OF PERSONALITY,3,01830EC,3
PSY220,HUMAN SEXUALITY,3,01830EC,3
PSY225,INDUSTRIAL PSYCHOLOGY,3,01830EC,3
PSY230,PSYCHOLOGY OF AGING,3,PENDING,0
PSY242,MULTICULTURAL PSYCHOLOGY,3,01830291,3
PSY245,FORENSIC PSYCHOLOGY,3,01202EC,3
PSY250,INTRODUCTIONS TO ADDICTION,3,Not Transferable,0
PSY251,PERSPECTIVES ON DEATH + DYING,3,01830291,3
PSY252,ASSESSMENT AND TREATMENT OF ADDICTIONS,3,Not Transferable,0
PSY253,INTERVIEWING AND COUNSELING SKILLS,3,Not Transferable,0
PSY254,ADVANCED COUNSELING SKILLS,3,Not Transferable,0
PSY255,ADDICTIONS COUNSELING EXTERNSHIP,3,Not Transferable,0
PSY270,SPECIAL TOPICS IN PSYCHOLOGY,3,01830EC,3
PSY280,ABNORMAL PSYCHOLOGY,3,01830EC,3
PSY281,ADOLESCENT PSYCHOLOGY,3,01830291,3
PSY282,PSYCHOLOGY OF WOMEN,3,01830EC,3
PSY283,PSYCHOLOGY OF MEN,3,PENDING,0
PSY284,EDUCATIONAL PSYCHOLOGY,3,01830EC,3
PSY290,HEALTH PSYCHOLOGY,3,01830EC,3
PSY299,INTRODUCTION TO PSYCHOSOCIAL REHABILITATION,3,01830EC,3
SOC101,FOUNDATIONS OF SUCCESS,1,Not Transferable,0
SOC103,INTRODUCTION TO SOCIOLOGY,3,01920101,3
SOC110,SOCIOLOGY OF EDUCATION,3,01920218,3
SOC120,RACIAL AND ETHNIC RELATIONS,3,EC,3
SOC160,MAN AND HIS ENVIRONMENT,3,EC,3
SOC183,ARCHAEOLOGY: THEORY AND METHODS,3,PENDING,0
SOC185,INTRO TO SOCIOLOGY,3,EC,3
SOC186,MARRIAGE AND THE FAMILY,3,01920272,3
SOC191,INTRODUCTION TO SOCIAL WORK,3,09910EC,3
SOC201,MARRIAGE AND THE FAMILY,3,EC,3
SOC202,CONTEMPORARY SOCIAL PROBLEMS,3,01920103,3
SOC211,WORLD MUSIC CULTURES,3,EC,3
SOC250,ELDER LAW,3,EC,3
SOC260,COMPARATIVE RELIGION,3,EC,3
SOC270,FACES OF CULTURE,3,PENDING,0
SOC271,FAMILY PORTRAIT/CONTEMPORARY LIFESTYLE,3,EC,3
SOC272,VICTIM ADVOCACY,3,01920EC,3
SOC275,VICTIM ADVOCACY,3,Not Transferable,0
SOC286,SOCIOLOGY OF WORK AND OCCUPATIONS,3,01920363,3
SOC289,ANTHROPOLOGY,3,EC,3
SOC290,FIELD EXPERIENCE IN ARCHAEOLOGY,4,Not Transferable,0
SOC293,SOCIAL SCIENCE INTERNSHIP,3,Not Transferable,0
SOC300,COMPARATIVE RELIGION,3,PENDING,0
THE193,INTRODUCTION TO THEATRE,3,07965EC,3
THE194,INTRODUCTION TO ACTING,3,EC,3
UAS101,UNMANNED SYSTEMS,3,Not Transferable,0
UAS102,"UAS STANDARDS, REGULATIONS ^ LAW",3,Not Transferable,0
UAS103,FLIGHT SIMULATION,3,Not Transferable,0
UAS104,UNDERSTANDING AIRSPACE AND THE FAA,3,Not Transferable,0
UAS105,REMOTE PILOT OPERATIONS,3,Not Transferable,0
UAS106,UNMANNED AIRCRAFT SYSTEMS SAFETY + SECURITY,3,Not Transferable,0
UAS108,UAS MAINTENANCE AND REPAIR,3,Not Transferable,0
UAS109,CREW RESOURCE MANAGEMENT FOR UAS,3,Not Transferable,0
UAS110,INTRODUCTION TO DC7 AC CIRCUITS + ELECTRONICS,3,Not Transferable,0
UAS110,INTRODUCTION TO DC + AC CIRCUITS + ELECTRO,3,Not Transferable,0
UAS114,UXS FOR PRECISION AGRICULTURE,3,Not Transferable,0
UAS115,SOIL FERTILITY AND PLANT NUTRIENT MANAGEME,3,Not Transferable,0
UAS116,PRECISION FARMING TECHNOLOGY,3,Not Transferable,0
UAS117,OVERVIEW OF COMMERCIAL SPACE ECOSYSTEM,3,Not Transferable,0
UAS118,COMMERCIAL SPACE OPERATIONAL MISSIONS + LAUNCH IND,3,Not Transferable,0
UAS119,SPACE HABITATION  LIFE SUPPORT SYSTEMS,3,Not Transferable,0
UAS201,AERODYNAMICS,3,Not Transferable,0
UAS202,INTRODUCTION TO DIGITAL PHOTOGRAPHY,3,Not Transferable,0
UAS203,METEOROLOGY,3,Not Transferable,0
UAS204,INTRODUCTION TO GEOGRAPHIC INFORMATION SYSTEMS,3,Not Transferable,0
UAS205,EMBEDDED COMPUTING SYSTEMS,3,Not Transferable,0
UAS207,INTRODUCTION TO 3D PRINTING,3,Not Transferable,0
UAS208,"ADVANCED UAS SYSTEMS,ROBOTIC ASSEM,OPER ASSEMBLY",3,Not Transferable,0
UAS208,"UAS SYSTEMS, ROBOTIC ASSEMBLY + OPERATIONAL PERFOR",3,Not Transferable,0
UAS209,"UAS PHOTOGRAMMETRY, REMOTE SENSING + ANALYSIS",3,Not Transferable,0
UAS210,UNMANNED AERIAL SYSTEMS CAPSTONE PROJECT,3,Not Transferable,0
UAS211,UAS 211 INTRODUCTION TO ROBOTS AND PROGRAMMING.DOC,3,Not Transferable,0
UAS212, ADVANCED REMOTE SENSING AND INFRARED THERMOGRAPHY,3,Not Transferable,0
